       A0  A1  A2  A3  A4  A5  A6  A7  B0  B1  B2  B3  B4  B5  B6  B7  C0  C1  C2  C3  C4  C5  C6  C7  D0  D1  D2  D3  D4  D5  D6  D7  E0  E1  E2  E3  E4  E5  E6  E7  F0  F1  F2  F3  F4  F5  F6  F7  G0  G1  G2  G3  G4  G5  G6  G7  H0  H1  H2  H3  H4  H5  H6  H7
    ┌──────────────────────────────────────────────────────────────────────────────────────────────────────────────────────────────────────────────────────────────────────────────────────────────────────────────────────────────────────────────────────────────────┐
 A0 │   0   0   0  1/6  0  1/6  0  1/6  0   0   0   0   0   0   0   0   0   0   0   0   0   0   0   0  1/6  0   0   0   0   0   0   0   0   0   0   0   0   0   0   0  1/6  0   0   0   0   0   0   0   0   0   0   0   0   0   0   0  1/6  0   0   0   0   0   0   0  │
 A1 │   0   0   0   0   0   0   0   0   0   0   0   0   0   0   0   0   0   0   0   0   0   0   0   0   0   0   0  1/1  0   0   0   0   0   0   0   0   0   0   0   0   0   0   0   0   0   0   0   0   0   0   0   0   0   0   0   0   0   0   0   0   0   0   0   0  │
 A2 │   0   0   0   0   0  1/5  0  1/5  0   0   0   0   0   0   0   0   0   0   0   0   0   0   0   0   0   0  1/5  0   0   0   0   0   0   0   0   0   0   0   0   0   0   0  1/5  0   0   0   0   0   0   0   0   0   0   0   0   0   0   0  1/5  0   0   0   0   0  │
 A3 │   0   0   0   0   0   0   0   0   0   0   0   0   0   0   0   0   0   0   0   0   0   0   0   0   0  1/2  0   0   0  1/2  0   0   0   0   0   0   0   0   0   0   0   0   0   0   0   0   0   0   0   0   0   0   0   0   0   0   0   0   0   0   0   0   0   0  │
 A4 │   0  1/5  0   0   0   0   0  1/5  0   0   0   0   0   0   0   0   0   0   0   0   0   0   0   0   0   0   0   0  1/5  0   0   0   0   0   0   0   0   0   0   0   0   0   0   0  1/5  0   0   0   0   0   0   0   0   0   0   0   0   0   0   0  1/5  0   0   0  │
 A5 │   0   0   0   0   0   0   0   0   0   0   0   0   0   0   0   0   0   0   0   0   0   0   0   0   0   0   0  1/2  0   0   0  1/2  0   0   0   0   0   0   0   0   0   0   0   0   0   0   0   0   0   0   0   0   0   0   0   0   0   0   0   0   0   0   0   0  │
 A6 │   0  1/5  0  1/5  0   0   0   0   0   0   0   0   0   0   0   0   0   0   0   0   0   0   0   0   0   0   0   0   0   0  1/5  0   0   0   0   0   0   0   0   0   0   0   0   0   0   0  1/5  0   0   0   0   0   0   0   0   0   0   0   0   0   0   0  1/5  0  │
 A7 │   0   0   0   0   0   0   0   0   0   0   0   0   0   0   0   0   0   0   0   0   0   0   0   0   0   0   0   0   0  1/1  0   0   0   0   0   0   0   0   0   0   0   0   0   0   0   0   0   0   0   0   0   0   0   0   0   0   0   0   0   0   0   0   0   0  │
 B0 │   0   0   0   0   0   0   0   0   0   0   0   0   0   0   0   0   0   0   0   0   0   0   0   0   0   0   0   0   0   0   0   0   0   0  1/1  0   0   0   0   0   0   0   0   0   0   0   0   0   0   0   0   0   0   0   0   0   0   0   0   0   0   0   0   0  │
 B1 │   0   0   0   0   0   0   0   0   0   0   0   0  1/4  0  1/4  0   0   0   0   0   0   0   0   0   0   0   0   0   0   0   0   0   0  1/4  0   0   0   0   0   0   0   0   0   0   0   0   0   0   0  1/4  0   0   0   0   0   0   0   0   0   0   0   0   0   0  │
 B2 │   0   0   0   0   0   0   0   0   0   0   0   0   0   0   0   0   0   0   0   0   0   0   0   0   0   0   0   0   0   0   0   0  1/2  0   0   0  1/2  0   0   0   0   0   0   0   0   0   0   0   0   0   0   0   0   0   0   0   0   0   0   0   0   0   0   0  │
 B3 │   0   0   0   0   0   0   0   0  1/4  0   0   0   0   0  1/4  0   0   0   0   0   0   0   0   0   0   0   0   0   0   0   0   0   0   0   0  1/4  0   0   0   0   0   0   0   0   0   0   0   0   0   0   0  1/4  0   0   0   0   0   0   0   0   0   0   0   0  │
 B4 │   0   0   0   0   0   0   0   0   0   0   0   0   0   0   0   0   0   0   0   0   0   0   0   0   0   0   0   0   0   0   0   0   0   0  1/2  0   0   0  1/2  0   0   0   0   0   0   0   0   0   0   0   0   0   0   0   0   0   0   0   0   0   0   0   0   0  │
 B5 │   0   0   0   0   0   0   0   0  1/4  0  1/4  0   0   0   0   0   0   0   0   0   0   0   0   0   0   0   0   0   0   0   0   0   0   0   0   0   0  1/4  0   0   0   0   0   0   0   0   0   0   0   0   0   0   0  1/4  0   0   0   0   0   0   0   0   0   0  │
 B6 │   0   0   0   0   0   0   0   0   0   0   0   0   0   0   0   0   0   0   0   0   0   0   0   0   0   0   0   0   0   0   0   0   0   0   0   0  1/1  0   0   0   0   0   0   0   0   0   0   0   0   0   0   0   0   0   0   0   0   0   0   0   0   0   0   0  │
 B7 │   0   0   0   0   0   0   0   0  1/5  0  1/5  0  1/5  0   0   0   0   0   0   0   0   0   0   0   0   0   0   0   0   0   0   0   0   0   0   0   0   0   0  1/5  0   0   0   0   0   0   0   0   0   0   0   0   0   0   0  1/5  0   0   0   0   0   0   0   0  │
 C0 │   0   0   0   0   0   0   0   0   0   0   0   0   0   0   0   0   0   0   0  1/5  0  1/5  0  1/5  0   0   0   0   0   0   0   0   0   0   0   0   0   0   0   0  1/5  0   0   0   0   0   0   0   0   0   0   0   0   0   0   0  1/5  0   0   0   0   0   0   0  │
 C1 │   0   0   0   0   0   0   0   0   0   0   0   0   0   0   0   0   0   0   0   0   0   0   0   0   0   0   0   0   0   0   0   0   0   0   0   0   0   0   0   0   0   0   0  1/1  0   0   0   0   0   0   0   0   0   0   0   0   0   0   0   0   0   0   0   0  │
 C2 │   0   0   0   0   0   0   0   0   0   0   0   0   0   0   0   0   0   0   0   0   0  1/4  0  1/4  0   0   0   0   0   0   0   0   0   0   0   0   0   0   0   0   0   0  1/4  0   0   0   0   0   0   0   0   0   0   0   0   0   0   0  1/4  0   0   0   0   0  │
 C3 │   0   0   0   0   0   0   0   0   0   0   0   0   0   0   0   0   0   0   0   0   0   0   0   0   0   0   0   0   0   0   0   0   0   0   0   0   0   0   0   0   0  1/2  0   0   0  1/2  0   0   0   0   0   0   0   0   0   0   0   0   0   0   0   0   0   0  │
 C4 │   0   0   0   0   0   0   0   0   0   0   0   0   0   0   0   0   0  1/4  0   0   0   0   0  1/4  0   0   0   0   0   0   0   0   0   0   0   0   0   0   0   0   0   0   0   0  1/4  0   0   0   0   0   0   0   0   0   0   0   0   0   0   0  1/4  0   0   0  │
 C5 │   0   0   0   0   0   0   0   0   0   0   0   0   0   0   0   0   0   0   0   0   0   0   0   0   0   0   0   0   0   0   0   0   0   0   0   0   0   0   0   0   0   0   0  1/2  0   0   0  1/2  0   0   0   0   0   0   0   0   0   0   0   0   0   0   0   0  │
 C6 │   0   0   0   0   0   0   0   0   0   0   0   0   0   0   0   0   0  1/4  0  1/4  0   0   0   0   0   0   0   0   0   0   0   0   0   0   0   0   0   0   0   0   0   0   0   0   0   0  1/4  0   0   0   0   0   0   0   0   0   0   0   0   0   0   0  1/4  0  │
 C7 │   0   0   0   0   0   0   0   0   0   0   0   0   0   0   0   0   0   0   0   0   0   0   0   0   0   0   0   0   0   0   0   0   0   0   0   0   0   0   0   0   0   0   0   0   0  1/1  0   0   0   0   0   0   0   0   0   0   0   0   0   0   0   0   0   0  │
 D0 │   0   0  1/2  0   0   0   0   0   0   0   0   0   0   0   0   0   0   0   0   0   0   0   0   0   0   0   0   0   0   0   0   0   0   0   0   0   0   0   0   0   0   0   0   0   0   0   0   0   0   0  1/2  0   0   0   0   0   0   0   0   0   0   0   0   0  │
 D1 │   0  1/4  0   0   0   0   0   0   0   0   0   0   0   0   0   0   0   0   0   0   0   0   0   0   0   0   0   0  1/4  0  1/4  0   0   0   0   0   0   0   0   0   0   0   0   0   0   0   0   0   0  1/4  0   0   0   0   0   0   0   0   0   0   0   0   0   0  │
 D2 │  1/4  0   0   0  1/4  0   0   0   0   0   0   0   0   0   0   0   0   0   0   0   0   0   0   0   0   0   0   0   0   0   0   0   0   0   0   0   0   0   0   0   0   0   0   0   0   0   0   0  1/4  0   0   0  1/4  0   0   0   0   0   0   0   0   0   0   0  │
 D3 │   0   0   0  1/4  0   0   0   0   0   0   0   0   0   0   0   0   0   0   0   0   0   0   0   0  1/4  0   0   0   0   0  1/4  0   0   0   0   0   0   0   0   0   0   0   0   0   0   0   0   0   0   0   0  1/4  0   0   0   0   0   0   0   0   0   0   0   0  │
 D4 │   0   0  1/4  0   0   0  1/4  0   0   0   0   0   0   0   0   0   0   0   0   0   0   0   0   0   0   0   0   0   0   0   0   0   0   0   0   0   0   0   0   0   0   0   0   0   0   0   0   0   0   0  1/4  0   0   0  1/4  0   0   0   0   0   0   0   0   0  │
 D5 │   0   0   0   0   0  1/4  0   0   0   0   0   0   0   0   0   0   0   0   0   0   0   0   0   0  1/4  0  1/4  0   0   0   0   0   0   0   0   0   0   0   0   0   0   0   0   0   0   0   0   0   0   0   0   0   0  1/4  0   0   0   0   0   0   0   0   0   0  │
 D6 │   0   0   0   0  1/2  0   0   0   0   0   0   0   0   0   0   0   0   0   0   0   0   0   0   0   0   0   0   0   0   0   0   0   0   0   0   0   0   0   0   0   0   0   0   0   0   0   0   0   0   0   0   0  1/2  0   0   0   0   0   0   0   0   0   0   0  │
 D7 │   0   0   0   0   0   0   0  1/5  0   0   0   0   0   0   0   0   0   0   0   0   0   0   0   0  1/5  0  1/5  0  1/5  0   0   0   0   0   0   0   0   0   0   0   0   0   0   0   0   0   0   0   0   0   0   0   0   0   0  1/5  0   0   0   0   0   0   0   0  │
 E0 │   0   0   0   0   0   0   0   0  1/5  0   0   0   0   0   0   0   0   0   0   0   0   0   0   0   0   0   0   0   0   0   0   0   0   0   0  1/5  0  1/5  0  1/5  0   0   0   0   0   0   0   0   0   0   0   0   0   0   0   0  1/5  0   0   0   0   0   0   0  │
 E1 │   0   0   0   0   0   0   0   0   0   0   0  1/2  0   0   0   0   0   0   0   0   0   0   0   0   0   0   0   0   0   0   0   0   0   0   0   0   0   0   0   0   0   0   0   0   0   0   0   0   0   0   0   0   0   0   0   0   0   0   0  1/2  0   0   0   0  │
 E2 │   0   0   0   0   0   0   0   0   0   0  1/4  0   0   0   0   0   0   0   0   0   0   0   0   0   0   0   0   0   0   0   0   0   0   0   0   0   0  1/4  0  1/4  0   0   0   0   0   0   0   0   0   0   0   0   0   0   0   0   0   0  1/4  0   0   0   0   0  │
 E3 │   0   0   0   0   0   0   0   0   0  1/4  0   0   0  1/4  0   0   0   0   0   0   0   0   0   0   0   0   0   0   0   0   0   0   0   0   0   0   0   0   0   0   0   0   0   0   0   0   0   0   0   0   0   0   0   0   0   0   0  1/4  0   0   0  1/4  0   0  │
 E4 │   0   0   0   0   0   0   0   0   0   0   0   0  1/4  0   0   0   0   0   0   0   0   0   0   0   0   0   0   0   0   0   0   0   0  1/4  0   0   0   0   0  1/4  0   0   0   0   0   0   0   0   0   0   0   0   0   0   0   0   0   0   0   0  1/4  0   0   0  │
 E5 │   0   0   0   0   0   0   0   0   0   0   0  1/4  0   0   0  1/4  0   0   0   0   0   0   0   0   0   0   0   0   0   0   0   0   0   0   0   0   0   0   0   0   0   0   0   0   0   0   0   0   0   0   0   0   0   0   0   0   0   0   0  1/4  0   0   0  1/4 │
 E6 │   0   0   0   0   0   0   0   0   0   0   0   0   0   0  1/4  0   0   0   0   0   0   0   0   0   0   0   0   0   0   0   0   0   0  1/4  0  1/4  0   0   0   0   0   0   0   0   0   0   0   0   0   0   0   0   0   0   0   0   0   0   0   0   0   0  1/4  0  │
 E7 │   0   0   0   0   0   0   0   0   0   0   0   0   0  1/2  0   0   0   0   0   0   0   0   0   0   0   0   0   0   0   0   0   0   0   0   0   0   0   0   0   0   0   0   0   0   0   0   0   0   0   0   0   0   0   0   0   0   0   0   0   0   0  1/2  0   0  │
 F0 │   0   0   0   0   0   0   0   0   0   0   0   0   0   0   0   0   0   0  1/1  0   0   0   0   0   0   0   0   0   0   0   0   0   0   0   0   0   0   0   0   0   0   0   0   0   0   0   0   0   0   0   0   0   0   0   0   0   0   0   0   0   0   0   0   0  │
 F1 │   0  1/4  0   0   0   0   0   0   0   0   0   0   0   0   0   0   0  1/4  0   0   0   0   0   0   0   0   0   0   0   0   0   0   0   0   0   0   0   0   0   0   0   0   0   0  1/4  0  1/4  0   0   0   0   0   0   0   0   0   0   0   0   0   0   0   0   0  │
 F2 │   0   0   0   0   0   0   0   0   0   0   0   0   0   0   0   0  1/2  0   0   0  1/2  0   0   0   0   0   0   0   0   0   0   0   0   0   0   0   0   0   0   0   0   0   0   0   0   0   0   0   0   0   0   0   0   0   0   0   0   0   0   0   0   0   0   0  │
 F3 │   0   0   0  1/4  0   0   0   0   0   0   0   0   0   0   0   0   0   0   0  1/4  0   0   0   0   0   0   0   0   0   0   0   0   0   0   0   0   0   0   0   0  1/4  0   0   0   0   0  1/4  0   0   0   0   0   0   0   0   0   0   0   0   0   0   0   0   0  │
 F4 │   0   0   0   0   0   0   0   0   0   0   0   0   0   0   0   0   0   0  1/2  0   0   0  1/2  0   0   0   0   0   0   0   0   0   0   0   0   0   0   0   0   0   0   0   0   0   0   0   0   0   0   0   0   0   0   0   0   0   0   0   0   0   0   0   0   0  │
 F5 │   0   0   0   0   0  1/4  0   0   0   0   0   0   0   0   0   0   0   0   0   0   0  1/4  0   0   0   0   0   0   0   0   0   0   0   0   0   0   0   0   0   0  1/4  0  1/4  0   0   0   0   0   0   0   0   0   0   0   0   0   0   0   0   0   0   0   0   0  │
 F6 │   0   0   0   0   0   0   0   0   0   0   0   0   0   0   0   0   0   0   0   0  1/1  0   0   0   0   0   0   0   0   0   0   0   0   0   0   0   0   0   0   0   0   0   0   0   0   0   0   0   0   0   0   0   0   0   0   0   0   0   0   0   0   0   0   0  │
 F7 │   0   0   0   0   0   0   0  1/5  0   0   0   0   0   0   0   0   0   0   0   0   0   0   0  1/5  0   0   0   0   0   0   0   0   0   0   0   0   0   0   0   0  1/5  0  1/5  0  1/5  0   0   0   0   0   0   0   0   0   0   0   0   0   0   0   0   0   0   0  │
 G0 │   0   0   0   0   0   0   0   0  1/5  0   0   0   0   0   0   0   0   0   0   0   0   0   0   0  1/5  0   0   0   0   0   0   0   0   0   0   0   0   0   0   0   0   0   0   0   0   0   0   0   0   0   0  1/5  0  1/5  0  1/5  0   0   0   0   0   0   0   0  │
 G1 │   0   0   0   0   0   0   0   0   0   0   0   0   0   0   0   0   0   0   0   0   0   0   0   0   0   0   0  1/1  0   0   0   0   0   0   0   0   0   0   0   0   0   0   0   0   0   0   0   0   0   0   0   0   0   0   0   0   0   0   0   0   0   0   0   0  │
 G2 │   0   0   0   0   0   0   0   0   0   0  1/4  0   0   0   0   0   0   0   0   0   0   0   0   0   0   0  1/4  0   0   0   0   0   0   0   0   0   0   0   0   0   0   0   0   0   0   0   0   0   0   0   0   0   0  1/4  0  1/4  0   0   0   0   0   0   0   0  │
 G3 │   0   0   0   0   0   0   0   0   0   0   0   0   0   0   0   0   0   0   0   0   0   0   0   0   0  1/2  0   0   0  1/2  0   0   0   0   0   0   0   0   0   0   0   0   0   0   0   0   0   0   0   0   0   0   0   0   0   0   0   0   0   0   0   0   0   0  │
 G4 │   0   0   0   0   0   0   0   0   0   0   0   0  1/4  0   0   0   0   0   0   0   0   0   0   0   0   0   0   0  1/4  0   0   0   0   0   0   0   0   0   0   0   0   0   0   0   0   0   0   0   0  1/4  0   0   0   0   0  1/4  0   0   0   0   0   0   0   0  │
 G5 │   0   0   0   0   0   0   0   0   0   0   0   0   0   0   0   0   0   0   0   0   0   0   0   0   0   0   0  1/2  0   0   0  1/2  0   0   0   0   0   0   0   0   0   0   0   0   0   0   0   0   0   0   0   0   0   0   0   0   0   0   0   0   0   0   0   0  │
 G6 │   0   0   0   0   0   0   0   0   0   0   0   0   0   0  1/4  0   0   0   0   0   0   0   0   0   0   0   0   0   0   0  1/4  0   0   0   0   0   0   0   0   0   0   0   0   0   0   0   0   0   0  1/4  0  1/4  0   0   0   0   0   0   0   0   0   0   0   0  │
 G7 │   0   0   0   0   0   0   0   0   0   0   0   0   0   0   0   0   0   0   0   0   0   0   0   0   0   0   0   0   0  1/1  0   0   0   0   0   0   0   0   0   0   0   0   0   0   0   0   0   0   0   0   0   0   0   0   0   0   0   0   0   0   0   0   0   0  │
 H0 │   0   0   0   0   0   0   0   0   0   0   0   0   0   0   0   0   0   0   0   0   0   0   0   0   0   0   0   0   0   0   0   0   0   0  1/1  0   0   0   0   0   0   0   0   0   0   0   0   0   0   0   0   0   0   0   0   0   0   0   0   0   0   0   0   0  │
 H1 │   0  1/5  0   0   0   0   0   0   0   0   0   0   0   0   0   0   0  1/5  0   0   0   0   0   0   0   0   0   0   0   0   0   0   0  1/5  0   0   0   0   0   0   0   0   0   0   0   0   0   0   0   0   0   0   0   0   0   0   0   0   0   0  1/5  0  1/5  0  │
 H2 │   0   0   0   0   0   0   0   0   0   0   0   0   0   0   0   0   0   0   0   0   0   0   0   0   0   0   0   0   0   0   0   0  1/2  0   0   0  1/2  0   0   0   0   0   0   0   0   0   0   0   0   0   0   0   0   0   0   0   0   0   0   0   0   0   0   0  │
 H3 │   0   0   0  1/5  0   0   0   0   0   0   0   0   0   0   0   0   0   0   0  1/5  0   0   0   0   0   0   0   0   0   0   0   0   0   0   0  1/5  0   0   0   0   0   0   0   0   0   0   0   0   0   0   0   0   0   0   0   0  1/5  0   0   0   0   0  1/5  0  │
 H4 │   0   0   0   0   0   0   0   0   0   0   0   0   0   0   0   0   0   0   0   0   0   0   0   0   0   0   0   0   0   0   0   0   0   0  1/2  0   0   0  1/2  0   0   0   0   0   0   0   0   0   0   0   0   0   0   0   0   0   0   0   0   0   0   0   0   0  │
 H5 │   0   0   0   0   0  1/5  0   0   0   0   0   0   0   0   0   0   0   0   0   0   0  1/5  0   0   0   0   0   0   0   0   0   0   0   0   0   0   0  1/5  0   0   0   0   0   0   0   0   0   0   0   0   0   0   0   0   0   0  1/5  0  1/5  0   0   0   0   0  │
 H6 │   0   0   0   0   0   0   0   0   0   0   0   0   0   0   0   0   0   0   0   0   0   0   0   0   0   0   0   0   0   0   0   0   0   0   0   0  1/1  0   0   0   0   0   0   0   0   0   0   0   0   0   0   0   0   0   0   0   0   0   0   0   0   0   0   0  │
 H7 │   0   0   0   0   0   0   0  1/6  0   0   0   0   0   0   0   0   0   0   0   0   0   0   0  1/6  0   0   0   0   0   0   0   0   0   0   0   0   0   0   0  1/6  0   0   0   0   0   0   0   0   0   0   0   0   0   0   0   0  1/6  0  1/6  0  1/6  0   0   0  │
    └──────────────────────────────────────────────────────────────────────────────────────────────────────────────────────────────────────────────────────────────────────────────────────────────────────────────────────────────────────────────────────────────────┘
